# LASERAC V. 10 OPTIM
#-------------------------------------------
# SIDE = 8192
# MAX_PHOT = 10
# TMAX = 1000
# nphot_noise = 23069    type(0=INIC, 1=CONT)=1
# threshold 1->0 = 1
# SEED = 10003
# PUMPING PROBABILITY MIN = 0.012500
# PUMPING PROBABILITY MAX = 0.012500
# lifet_ELECTRON = 0
# lifet_PHOTON = 0
#-------------------------------------------
#  t    ne    nf
#-------------------------------------------

# NOF THREADS 16  
#----------------------------------------------------------
PARAMETERS: PB , lifet_E, lifet_F :    0.0125  180  10
0	839016	23069
1	1667327	46157
2	2485176	69279
3	3292941	92472
4	4090804	115763
5	4878063	139180
6	5655390	162752
7	6422540	186506
8	7179600	210577
9	7927437	211706
10	8665537	213050
11	9394301	214627
12	10114449	216397
13	10824549	218294
14	11526478	220349
15	12218469	222468
16	12902073	224611
17	13577334	226962
18	14243467	229271
19	14901186	231753
20	15550299	234355
21	16190304	236963
22	16821859	239704
23	17445734	242511
24	18061402	245401
25	18670571	248341
26	19269415	251562
27	19861748	254765
28	20445636	258219
29	21022909	261679
30	21594753	265257
31	22155409	269488
32	22708175	273913
33	23253457	278614
34	23793291	283354
35	24323670	288382
36	24847310	293645
37	25363313	299297
38	25872003	305101
39	26373962	311306
40	26868379	318114
41	27355968	324722
42	27836456	331835
43	28309967	339277
44	28775400	347426
45	29236315	356240
46	29689007	365711
47	30134827	375835
48	30572327	386682
49	31003228	398652
50	31427638	411441
51	31845052	424976
52	32254541	439339
53	32657967	454523
54	33054162	470911
55	33443142	488448
56	33824840	507328
57	34198939	527899
58	34565316	549852
59	34924332	573046
60	35275991	597341
61	35617661	624201
62	35950991	652774
63	36277539	684030
64	36594461	717826
65	36902300	754046
66	37201693	793234
67	37490677	835211
68	37769733	880663
69	38038111	929430
70	38296285	982164
71	38544945	1039153
72	38780662	1101745
73	39002323	1170009
74	39212560	1243237
75	39408739	1322672
76	39590572	1408453
77	39757814	1501159
78	39907602	1602729
79	40039461	1713727
80	40152618	1834773
81	40243692	1965714
82	40317255	2106824
83	40368113	2259323
84	40394451	2424806
85	40397298	2603766
86	40371667	2798020
87	40317884	3007964
88	40235113	3233526
89	40119276	3476663
90	39970231	3738314
91	39786284	4018379
92	39565491	4317987
93	39305725	4637566
94	39005733	4979121
95	38663409	5342009
96	38276960	5725221
97	37845313	6131140
98	37365302	6559869
99	36836835	7008760
100	36259589	7477661
101	35633356	7966058
102	34958911	8471469
103	34237827	8991463
104	33469494	9523301
105	32655016	10064637
106	31796815	10611117
107	30897865	11157699
108	29961814	11700444
109	28991922	12235239
110	27992672	12755629
111	26971690	13254332
112	25932752	13726890
113	24884970	14164696
114	23835565	14561269
115	22791260	14911139
116	21760830	15208803
117	20749103	15447516
118	19765934	15620709
119	18819236	15723211
120	17919013	15751874
121	17066432	15707919
122	16273501	15587034
123	15542412	15391015
124	14880224	15120853
125	14291764	14776959
126	13779827	14363704
127	13344270	13887152
128	12988752	13353320
129	12710739	12770376
130	12512137	12145122
131	12388835	11484254
132	12339544	10799022
133	12359916	10098105
134	12445795	9389259
135	12594171	8681955
136	12799567	7984557
137	13058134	7302594
138	13364148	6643400
139	13712587	6012367
140	14097779	5414990
141	14517270	4853365
142	14964543	4330786
143	15433572	3848196
144	15923270	3406832
145	16427919	3007029
146	16946196	2647007
147	17472806	2326576
148	18007868	2042926
149	18547288	1794477
150	19088885	1578148
151	19632246	1391935
152	20173863	1231772
153	20714009	1096069
154	21251502	981700
155	21787373	886175
156	22317196	807476
157	22842356	743023
158	23363191	690459
159	23876903	647934
160	24385377	614503
161	24886647	588773
162	25382224	569539
163	25870533	555891
164	26354843	547064
165	26829724	542616
166	27298443	541586
167	27758751	543477
168	28211146	548705
169	28655987	556547
170	29093809	566287
171	29525493	578450
172	29948227	592787
173	30362874	609522
174	30770245	628324
175	31169892	648819
176	31562030	671225
177	31943667	696076
178	32317414	722769
179	32681523	751552
180	33036311	783553
181	33381750	817920
182	33719639	854843
183	34045770	894732
184	34361928	937569
185	34667620	983600
186	34963581	1033119
187	35249564	1085656
188	35524581	1142015
189	35787337	1202834
190	36037791	1267319
191	36277135	1336412
192	36504560	1410211
193	36718135	1489003
194	36916066	1574057
195	37100332	1664464
196	37269513	1761358
197	37423069	1865532
198	37559117	1976935
199	37677739	2096183
200	37779694	2223159
201	37862092	2358688
202	37924082	2503622
203	37965525	2657642
204	37984534	2821395
205	37981363	2996466
206	37953980	3182329
207	37903906	3377559
208	37827318	3584544
209	37724647	3802084
210	37596255	4030980
211	37439079	4272221
212	37251839	4526395
213	37036869	4791757
214	36791288	5068623
215	36513808	5357426
216	36205098	5657558
217	35866014	5968968
218	35494856	6290195
219	35090263	6622505
220	34654994	6962469
221	34188334	7309995
222	33689483	7663614
223	33159791	8022138
224	32599247	8385539
225	32009062	8750374
226	31391594	9113947
227	30750572	9476106
228	30083242	9836002
229	29391955	10189918
230	28679220	10538956
231	27950131	10875951
232	27205314	11198880
233	26452101	11504219
234	25691856	11788486
235	24926877	12051067
236	24161104	12290138
237	23399807	12501855
238	22644671	12681632
239	21904220	12824263
240	21181709	12928063
241	20479112	12995058
242	19800441	13022486
243	19152032	13010704
244	18537470	12957334
245	17958647	12859960
246	17419370	12718791
247	16925237	12533586
248	16475993	12308304
249	16076090	12044608
250	15726710	11744309
251	15428010	11410090
252	15181056	11043371
253	14986939	10646927
254	14844302	10224963
255	14755646	9782543
256	14717437	9324798
257	14727740	8854615
258	14787875	8373533
259	14894431	7890131
260	15043483	7406140
261	15233511	6924262
262	15463173	6448592
263	15730551	5984099
264	16031212	5532816
265	16362457	5097084
266	16720515	4678783
267	17102798	4282091
268	17506192	3909054
269	17929450	3557558
270	18368502	3230575
271	18819538	2928208
272	19283554	2650892
273	19754637	2398359
274	20233198	2169660
275	20717332	1964283
276	21204115	1780731
277	21694608	1618448
278	22183280	1474736
279	22671855	1350389
280	23158580	1242522
281	23642653	1149594
282	24124382	1071048
283	24601564	1005859
284	25073137	952654
285	25539022	909862
286	25998944	876911
287	26452777	852205
288	26899323	835215
289	27339203	824577
290	27771753	819992
291	28197169	820585
292	28615693	825669
293	29027250	834607
294	29430048	847443
295	29823881	864175
296	30209831	884550
297	30586513	908015
298	30954260	934447
299	31314647	963586
300	31665218	996008
301	32006636	1032206
302	32337106	1072015
303	32657788	1114697
304	32969394	1160590
305	33270474	1209746
306	33558588	1262598
307	33837648	1319477
308	34104148	1380225
309	34358978	1445631
310	34601040	1515195
311	34832488	1588852
312	35047370	1667422
313	35251682	1750468
314	35440031	1839510
315	35614809	1934805
316	35773271	2035758
317	35916719	2142876
318	36044142	2256803
319	36153420	2376883
320	36245632	2503839
321	36320965	2637108
322	36377730	2777758
323	36416704	2926275
324	36435543	3081819
325	36432733	3245957
326	36409032	3416931
327	36364923	3595781
328	36297416	3783524
329	36206344	3980885
330	36091295	4186911
331	35953488	4403071
332	35791786	4626748
333	35605309	4859152
334	35393945	5099275
335	35155971	5347475
336	34893944	5603561
337	34605353	5867173
338	34291642	6135790
339	33951594	6410549
340	33584207	6691557
341	33191244	6976846
342	32773678	7267311
343	32331728	7560908
344	31866150	7857291
345	31377062	8153242
346	30866233	8449203
347	30332927	8744760
348	29780254	9037084
349	29210781	9323541
350	28624513	9603136
351	28023587	9873600
352	27412050	10132300
353	26788917	10380945
354	26160247	10613304
355	25527133	10827844
356	24894844	11022773
357	24262774	11196589
358	23633528	11350282
359	23012952	11478705
360	22401803	11581311
361	21806166	11656079
362	21225097	11703790
363	20663976	11718995
364	20124858	11705622
365	19612771	11661247
366	19130236	11585358
367	18677702	11478609
368	18253806	11341456
369	17864560	11176819
370	17513041	10981947
371	17199922	10759095
372	16926217	10509840
373	16689796	10238342
374	16495373	9944964
375	16340705	9633482
376	16228207	9304857
377	16156406	8959709
378	16127389	8599516
379	16137401	8227565
380	16187629	7848821
381	16275145	7465026
382	16399063	7077334
383	16558893	6688074
384	16752864	6299829
385	16979096	5915635
386	17233820	5539117
387	17518340	5171069
388	17825842	4815305
389	18156796	4472740
390	18509410	4144006
391	18879969	3832163
392	19264699	3539425
393	19664664	3264585
394	20075753	3009833
395	20496981	2774317
396	20925376	2557397
397	21360900	2358571
398	21802107	2176918
399	22248128	2012695
400	22695963	1865585
401	23145167	1735411
402	23594043	1619311
403	24041851	1517375
404	24487068	1427800
405	24930281	1350232
406	25369033	1284973
407	25802318	1231737
408	26230936	1188844
409	26654123	1155511
410	27071541	1130784
411	27483202	1112551
412	27888015	1101508
413	28284282	1097574
414	28672740	1099729
415	29055990	1107313
416	29430241	1120147
417	29796244	1137898
418	30152403	1160231
419	30500324	1186688
420	30838160	1217960
421	31166706	1253710
422	31485893	1293034
423	31794073	1336059
424	32091843	1383433
425	32379574	1434994
426	32657098	1490178
427	32922740	1549232
428	33175567	1613234
429	33416717	1681945
430	33645434	1754394
431	33861379	1831471
432	34066390	1913095
433	34255678	1999482
434	34432114	2090784
435	34593177	2187918
436	34739739	2289976
437	34870185	2397609
438	34985449	2510519
439	35084358	2628872
440	35167437	2752485
441	35234416	2882129
442	35282023	3019457
443	35312675	3162553
444	35325802	3312351
445	35320531	3467526
446	35296511	3629286
447	35250738	3798596
448	35186996	3974346
449	35100848	4156707
450	34992991	4347733
451	34864603	4545026
452	34712232	4748887
453	34537979	4960357
454	34342576	5177195
455	34126686	5400107
456	33890230	5627672
457	33630159	5859962
458	33346805	6097987
459	33041039	6341401
460	32713136	6587565
461	32363152	6837945
462	31994368	7088172
463	31604928	7338521
464	31197835	7588080
465	30770950	7838098
466	30327339	8087359
467	29866764	8333215
468	29392821	8572372
469	28905455	8804100
470	28403841	9029760
471	27890619	9247127
472	27368828	9456475
473	26839549	9655689
474	26300172	9847171
475	25758383	10024196
476	25214935	10187764
477	24673064	10334553
478	24130485	10466843
479	23595081	10581908
480	23063535	10678124
481	22543754	10751773
482	22037484	10803284
483	21545240	10831622
484	21068026	10835794
485	20611958	10815428
486	20175950	10771857
487	19762533	10704496
488	19375178	10610762
489	19015457	10494182
490	18682398	10353132
491	18379774	10191576
492	18109038	10008993
493	17871656	9805284
494	17666539	9579892
495	17498585	9335268
496	17364718	9072162
497	17265216	8794250
498	17198477	8506020
499	17168215	8204289
500	17172964	7890535
501	17212215	7568208
502	17284434	7240023
503	17387775	6908264
504	17524453	6574321
505	17689993	6242941
506	17883210	5913489
507	18103753	5587303
508	18350789	5264484
509	18621241	4949073
510	18913661	4643651
511	19224505	4349594
512	19552948	4065941
513	19896840	3796627
514	20256042	3541351
515	20628156	3300502
516	21011250	3074511
517	21403240	2864903
518	21803052	2670815
519	22210281	2492157
520	22619853	2329616
521	23031807	2180501
522	23446031	2046875
523	23861747	1926860
524	24276802	1820975
525	24690012	1728129
526	25101404	1648007
527	25511133	1578874
528	25915879	1520927
529	26316478	1473667
530	26711443	1435681
531	27103691	1407281
532	27487658	1387033
533	27865237	1374353
534	28235548	1368884
535	28597895	1369637
536	28953294	1376167
537	29301424	1389120
538	29638673	1408285
539	29968688	1432399
540	30288652	1462235
541	30599063	1496369
542	30900083	1535297
543	31192095	1578445
544	31472713	1626107
545	31743181	1678291
546	32001961	1735255
547	32249378	1796585
548	32484577	1861740
549	32707444	1931720
550	32920331	2005257
551	33120225	2083639
552	33307246	2166972
553	33480663	2254998
554	33640785	2347666
555	33787075	2443865
556	33920222	2544614
557	34038707	2649789
558	34142142	2759586
559	34230955	2874138
560	34303548	2994041
561	34361159	3118968
562	34402237	3247924
563	34424784	3382868
564	34432408	3522289
565	34422145	3668188
566	34395695	3819095
567	34350172	3975767
568	34285979	4138538
569	34203680	4307220
570	34103329	4480240
571	33983008	4659355
572	33843241	4844979
573	33684992	5034545
574	33505811	5230042
575	33306831	5430691
576	33090019	5635614
577	32853735	5844301
578	32598693	6055579
579	32322831	6269458
580	32030016	6487021
581	31715909	6706681
582	31385306	6927128
583	31036097	7149279
584	30670663	7370234
585	30286472	7591259
586	29887732	7810459
587	29476286	8026434
588	29049912	8239254
589	28611312	8446911
590	28162718	8648312
591	27704376	8842635
592	27237545	9028092
593	26764674	9203845
594	26284952	9370309
595	25802482	9523958
596	25318337	9666444
597	24836331	9794341
598	24353619	9909125
599	23876076	10007471
600	23405278	10089369
601	22942480	10153637
602	22487513	10201416
603	22045126	10229842
604	21615969	10239436
605	21204271	10227582
606	20812081	10193567
607	20437130	10141585
608	20084738	10066135
609	19753591	9971351
610	19450268	9857147
611	19170647	9723537
612	18921555	9567841
613	18697472	9393504
614	18504183	9199462
615	18341483	8989925
616	18209662	8765267
617	18106041	8525501
618	18035365	8274154
619	17996864	8010857
620	17987718	7737058
621	18010423	7453543
622	18061521	7165905
623	18144477	6872642
624	18254096	6577481
625	18390393	6280966
626	18553018	5986864
627	18740634	5694851
628	18949452	5406938
629	19179375	5125040
630	19432914	4849654
631	19702595	4583629
632	19990493	4326099
633	20296536	4079450
634	20613507	3844166
635	20942635	3621391
636	21284104	3409543
637	21634450	3210498
638	21994299	3024351
639	22360850	2851536
640	22731361	2692516
641	23106516	2545358
642	23486392	2411200
643	23867465	2290779
644	24248550	2182220
645	24630898	2084366
646	25011159	1998390
647	25392843	1922365
648	25769954	1856527
649	26144446	1800007
650	26515566	1752438
651	26882141	1713969
652	27245043	1684065
653	27600371	1662006
654	27951564	1646547
655	28294796	1638855
656	28631306	1637446
657	28959776	1643263
658	29279902	1655331
659	29592958	1673346
660	29896271	1696989
661	30191920	1726512
662	30478004	1761167
663	30753547	1800673
664	31018576	1846316
665	31271635	1897194
666	31516242	1952406
667	31749020	2012071
668	31970033	2075889
669	32180159	2144051
670	32379779	2216201
671	32565717	2293201
672	32740000	2373826
673	32901161	2459253
674	33050960	2547362
675	33186606	2640348
676	33307525	2737878
677	33414344	2841272
678	33506835	2949669
679	33584969	3062743
680	33648497	3181172
681	33694916	3303923
682	33727094	3432863
683	33743032	3565860
684	33743657	3704299
685	33726850	3846008
686	33694685	3993295
687	33644667	4145007
688	33577575	4301058
689	33495107	4461846
690	33391523	4627894
691	33272627	4797471
692	33134548	4971249
693	32980115	5149052
694	32807455	5331967
695	32615267	5519474
696	32405934	5709646
697	32180597	5901626
698	31937090	6096300
699	31675962	6294304
700	31399017	6491633
701	31107313	6690131
702	30800672	6887614
703	30477782	7085245
704	30138720	7282308
705	29787057	7476079
706	29421437	7668892
707	29046382	7856560
708	28656658	8040852
709	28259288	8218734
710	27850790	8393451
711	27435395	8562151
712	27012890	8724087
713	26584079	8876536
714	26153150	9017064
715	25718749	9149743
716	25283981	9269254
717	24851386	9378801
718	24420135	9474943
719	23993378	9556944
720	23571954	9622236
721	23158658	9672005
722	22756930	9705609
723	22364168	9725038
724	21985075	9728162
725	21617572	9712945
726	21269573	9678870
727	20936664	9628845
728	20623666	9559043
729	20328904	9473355
730	20057953	9370536
731	19809561	9251618
732	19585365	9116268
733	19382929	8964553
734	19206529	8798412
735	19055654	8618559
736	18928880	8427601
737	18830344	8221552
738	18758673	8006462
739	18714452	7780044
740	18699197	7544935
741	18710703	7302041
742	18749807	7052521
743	18812259	6797821
744	18899592	6540505
745	19010787	6281205
746	19146847	6020973
747	19307084	5762431
748	19486060	5506066
749	19688909	5252634
750	19912353	5003036
751	20152443	4759741
752	20410712	4523174
753	20682354	4293490
754	20969595	4071766
755	21269097	3858775
756	21578807	3656210
757	21898937	3464325
758	22226717	3282767
759	22563802	3113192
760	22905120	2956909
761	23252413	2810821
762	23604202	2676962
763	23955476	2555906
764	24310399	2445757
765	24666299	2347098
766	25020687	2258978
767	25375878	2180750
768	25729043	2111880
769	26079373	2053326
770	26427688	2003900
771	26771210	1963659
772	27110882	1932039
773	27444549	1907526
774	27772285	1891028
775	28094714	1881177
776	28410573	1878080
777	28719587	1881937
778	29021176	1893516
779	29312879	1911196
780	29597815	1933505
781	29873738	1961323
782	30140709	1994729
783	30397554	2033024
784	30643810	2076350
785	30882975	2124333
786	31110372	2177416
787	31326554	2235305
788	31532483	2296632
789	31728027	2361661
790	31911396	2432485
791	32082932	2507766
792	32240611	2587452
793	32387102	2671167
794	32521130	2759850
795	32642076	2852981
796	32748747	2951667
797	32841045	3054992
798	32919794	3162932
799	32986448	3274159
800	33038504	3389133
801	33076155	3508419
802	33098979	3632312
803	33105435	3761316
804	33097269	3894449
805	33072121	4033055
806	33030589	4174623
807	32974529	4320047
808	32903794	4469083
809	32815675	4623911
810	32710152	4783429
811	32588211	4947358
812	32451017	5112907
813	32296928	5281268
814	32126327	5451882
815	31938244	5625848
816	31733804	5802569
817	31515165	5980635
818	31280359	6161626
819	31030068	6343048
820	30765219	6524325
821	30488108	6704004
822	30197885	6883910
823	29894057	7063686
824	29578311	7241029
825	29251695	7413542
826	28913265	7582827
827	28564415	7748271
828	28206370	7908111
829	27841363	8062130
830	27469023	8210151
831	27091470	8351390
832	26709883	8485446
833	26322738	8611620
834	25934264	8729735
835	25546031	8837750
836	25155932	8934853
837	24768712	9020184
838	24386468	9094155
839	24009101	9155382
840	23637225	9203816
841	23274140	9238812
842	22918575	9262120
843	22572650	9269373
844	22237564	9261937
845	21917522	9238524
846	21609315	9202070
847	21319053	9151590
848	21043652	9086563
849	20788196	9006549
850	20551871	8911389
851	20336630	8802636
852	20140340	8679515
853	19965299	8542963
854	19814183	8393077
855	19683928	8234299
856	19576843	8062243
857	19493967	7879385
858	19434003	7687206
859	19397699	7487377
860	19386628	7280058
861	19397877	7067350
862	19433111	6847400
863	19489169	6623626
864	19570282	6396991
865	19671401	6168013
866	19794913	5938543
867	19938662	5710512
868	20100256	5484612
869	20281138	5261055
870	20479791	5040745
871	20692020	4824512
872	20921751	4613906
873	21164802	4409811
874	21421195	4213024
875	21690246	4022753
876	21969794	3840522
877	22257465	3666808
878	22553425	3500544
879	22858170	3343763
880	23170579	3196864
881	23488015	3059087
882	23809159	2931028
883	24134993	2812844
884	24462169	2704827
885	24791227	2606698
886	25119148	2517956
887	25448737	2437975
888	25776867	2367713
889	26102506	2306384
890	26426487	2254813
891	26745994	2211797
892	27061178	2177131
893	27372483	2150068
894	27678371	2131034
895	27979124	2119698
896	28271581	2116303
897	28556082	2120125
898	28835476	2130524
899	29106753	2147527
900	29369348	2170076
901	29621093	2199615
902	29865738	2234333
903	30102037	2274890
904	30328076	2319642
905	30544070	2369560
906	30751375	2423398
907	30947957	2481841
908	31133816	2544608
909	31307662	2611400
910	31471926	2682098
911	31623509	2757640
912	31763640	2837199
913	31892354	2920458
914	32008001	3009044
915	32109319	3101995
916	32198511	3199730
917	32275191	3300861
918	32337782	3406322
919	32389874	3515740
920	32426132	3629566
921	32448972	3745340
922	32457414	3866204
923	32453273	3991055
924	32433104	4119013
925	32401046	4249008
926	32353072	4382885
927	32289834	4520115
928	32212063	4660487
929	32120116	4804229
930	32014553	4950405
931	31892927	5100383
932	31756097	5251700
933	31606513	5404554
934	31442251	5559505
935	31264477	5716808
936	31072271	5873951
937	30867812	6031518
938	30649965	6189547
939	30418538	6348374
940	30173392	6508614
941	29917133	6666435
942	29648926	6823778
943	29370151	6979558
944	29082095	7132220
945	28781431	7284232
946	28471265	7432628
947	28154158	7578007
948	27830775	7718752
949	27498662	7854043
950	27164267	7980819
951	26825253	8102150
952	26482432	8215105
953	26135711	8321562
954	25789168	8420659
955	25440155	8510376
956	25091402	8593446
957	24745130	8665742
958	24402011	8727539
959	24062814	8778229
960	23731535	8817892
961	23407831	8845386
962	23092893	8862399
963	22783961	8868396
964	22488047	8858928
965	22203503	8835916
966	21931757	8798699
967	21672192	8751169
968	21428644	8690598
969	21199882	8617586
970	20989819	8533342
971	20794771	8438199
972	20620905	8329905
973	20463091	8209668
974	20325179	8080401
975	20210176	7939532
976	20115080	7788378
977	20039134	7627703
978	19984457	7458966
979	19951916	7282193
980	19938920	7098939
981	19949066	6908316
982	19978586	6713992
983	20032697	6512605
984	20106259	6308256
985	20197687	6103792
986	20307740	5897289
987	20438709	5688668
988	20588450	5481135
989	20752482	5275764
990	20935264	5071060
991	21132563	4871084
992	21343649	4675203
993	21567769	4485145
994	21805644	4300340
995	22053792	4121239
996	22313922	3949537
997	22581935	3785978
998	22860604	3629308
999	23144260	3481288
# events MAX_PHOT= 0

