# LASERAC V. 10 OPTIM
#-------------------------------------------
# SIDE = 4096
# MAX_PHOT = 10
# TMAX = 1000
# nphot_noise = 5767    type(0=INIC, 1=CONT)=1
# threshold 1->0 = 1
# SEED = 10003
# PUMPING PROBABILITY MIN = 0.012500
# PUMPING PROBABILITY MAX = 0.012500
# lifet_ELECTRON = 0
# lifet_PHOTON = 0
#-------------------------------------------
#  t    ne    nf
#-------------------------------------------

# NOF THREADS 16  
#----------------------------------------------------------
PARAMETERS: PB , lifet_E, lifet_F :    0.0125  180  10
0	209789	5767
1	417108	11539
2	621441	17323
3	823317	23129
4	1022684	28950
5	1219525	34811
6	1413792	40696
7	1605467	46630
8	1794767	52640
9	1981894	52935
10	2166376	53259
11	2348668	53650
12	2528810	54104
13	2706302	54552
14	2881722	55060
15	3054651	55531
16	3225863	56071
17	3394627	56689
18	3561087	57264
19	3725335	57853
20	3887283	58492
21	4047456	59167
22	4205144	59877
23	4361096	60611
24	4515237	61350
25	4667563	62136
26	4817347	62941
27	4965425	63774
28	5111067	64781
29	5255148	65691
30	5398062	66618
31	5538545	67590
32	5677088	68583
33	5813640	69586
34	5949149	70688
35	6081544	71934
36	6212486	73237
37	6341670	74622
38	6468895	75932
39	6594587	77387
40	6718336	78956
41	6840589	80582
42	6960378	82444
43	7078593	84595
44	7194826	86803
45	7310310	89063
46	7423279	91498
47	7534727	94062
48	7643719	96845
49	7751971	99882
50	7858009	103199
51	7962685	106707
52	8065152	110403
53	8165843	114303
54	8264813	118472
55	8361495	123085
56	8456748	127766
57	8550231	132788
58	8641978	138029
59	8732067	143638
60	8820060	149684
61	8905673	156369
62	8988916	163442
63	9070445	171066
64	9149542	179371
65	9226351	188094
66	9301094	197989
67	9372807	208768
68	9442051	220466
69	9508803	232986
70	9573085	246599
71	9634924	261358
72	9693504	277099
73	9748966	294021
74	9801451	312074
75	9850417	331986
76	9895774	353521
77	9937254	376663
78	9975577	401620
79	10008649	429093
80	10037129	458803
81	10059403	490816
82	10079072	525604
83	10092076	563567
84	10098613	605144
85	10099380	649669
86	10093640	697413
87	10080600	749236
88	10060433	805382
89	10030990	866282
90	9994478	930976
91	9949041	1000382
92	9894348	1075207
93	9830337	1154793
94	9756002	1239443
95	9671062	1329591
96	9574932	1425667
97	9468315	1525981
98	9350283	1631601
99	9220002	1741976
100	9077914	1858018
101	8922420	1979494
102	8754806	2105174
103	8574431	2235869
104	8382657	2369284
105	8178452	2505678
106	7963646	2642926
107	7738900	2780505
108	7506072	2916989
109	7264711	3050925
110	7016790	3181163
111	6761451	3306510
112	6502325	3425209
113	6239923	3534562
114	5976857	3634466
115	5713584	3722937
116	5453473	3799233
117	5197548	3861762
118	4951160	3906924
119	4712965	3935658
120	4485694	3946834
121	4271020	3938528
122	4070437	3911061
123	3885747	3864570
124	3716754	3799375
125	3567910	3714363
126	3436858	3611693
127	3326188	3492644
128	3234328	3361077
129	3163398	3215965
130	3112752	3059391
131	3080802	2893824
132	3068225	2720304
133	3073389	2542186
134	3094732	2361918
135	3132975	2182588
136	3184398	2005490
137	3249952	1832639
138	3327058	1665300
139	3413993	1505588
140	3511259	1354070
141	3616736	1211167
142	3729662	1079605
143	3847212	958814
144	3971162	847744
145	4099121	747333
146	4228979	656602
147	4361327	575712
148	4495206	504231
149	4630451	441221
150	4767032	386710
151	4903613	340981
152	5039273	301499
153	5174552	267683
154	5309302	239825
155	5443712	216485
156	5577096	197211
157	5708717	181774
158	5838500	169073
159	5967530	159172
160	6094504	151616
161	6219321	145400
162	6342873	141108
163	6465404	138241
164	6586095	136457
165	6704251	135667
166	6821022	135853
167	6935859	136689
168	7049086	138418
169	7160248	140567
170	7270067	143103
171	7377894	146079
172	7483689	149836
173	7587447	154112
174	7688922	158899
175	7788533	164091
176	7886208	169662
177	7981745	175646
178	8075364	182014
179	8166404	189183
180	8255329	196970
181	8341436	205774
182	8425753	214693
183	8507177	224310
184	8586190	234747
185	8662700	246130
186	8737152	258576
187	8808228	272169
188	8876678	286959
189	8941364	302385
190	9004841	318423
191	9064917	335331
192	9121470	353863
193	9175142	373827
194	9223685	395481
195	9269576	418247
196	9311430	442755
197	9349165	469142
198	9382577	497495
199	9411276	528082
200	9435608	560901
201	9455512	595960
202	9469622	632978
203	9479103	672281
204	9482674	713838
205	9481111	758339
206	9473692	805027
207	9460169	853797
208	9440855	904955
209	9414498	959004
210	9381817	1016100
211	9341586	1076309
212	9294687	1139929
213	9239318	1206631
214	9177615	1275399
215	9107930	1347015
216	9030313	1421765
217	8944973	1499610
218	8851801	1579983
219	8750214	1663225
220	8640493	1748799
221	8522495	1835733
222	8397892	1923066
223	8266078	2011653
224	8126332	2101540
225	7978759	2193009
226	7823949	2285019
227	7661551	2377127
228	7493148	2468654
229	7319549	2557408
230	7141098	2643853
231	6958430	2727798
232	6772059	2809375
233	6582858	2886599
234	6392927	2958532
235	6202106	3023669
236	6011271	3081566
237	5821658	3131576
238	5634327	3173347
239	5450522	3207142
240	5271166	3231815
241	5097531	3246160
242	4930097	3250390
243	4770436	3244813
244	4618739	3228640
245	4476443	3201716
246	4343932	3164591
247	4222643	3117137
248	4111060	3060685
249	4013188	2994412
250	3925581	2919937
251	3851096	2837354
252	3789804	2747020
253	3741168	2648949
254	3706569	2544910
255	3685205	2436333
256	3675496	2323638
257	3678485	2207760
258	3693489	2088342
259	3721104	1967221
260	3759767	1844914
261	3809733	1723075
262	3869297	1602457
263	3937644	1484915
264	4013578	1371624
265	4097135	1261650
266	4187022	1156537
267	4283126	1057012
268	4384855	963238
269	4490884	875870
270	4601435	794407
271	4714488	720339
272	4830566	653089
273	4948582	591784
274	5068443	535917
275	5189128	486000
276	5310909	441033
277	5433093	400665
278	5555142	365303
279	5677130	334903
280	5799128	308931
281	5919623	286231
282	6039733	266715
283	6158568	250171
284	6275533	237014
285	6391811	226420
286	6506660	217971
287	6619921	211809
288	6731673	207655
289	6842100	204867
290	6950688	203666
291	7057580	203779
292	7161831	205034
293	7264564	207363
294	7365296	210342
295	7464480	214452
296	7560976	219708
297	7655821	225904
298	7748241	232752
299	7837953	240364
300	7925855	248585
301	8011017	257717
302	8094012	267704
303	8174525	278256
304	8251897	289924
305	8327177	302333
306	8399211	315534
307	8468632	329493
308	8535028	344925
309	8598863	361337
310	8658884	379240
311	8716479	397970
312	8770725	417752
313	8821235	439397
314	8868566	461858
315	8912227	485990
316	8951673	511491
317	8986894	538989
318	9018345	567286
319	9045168	597472
320	9068039	629005
321	9086421	662341
322	9099894	697874
323	9108892	735243
324	9113345	774631
325	9112106	815344
326	9106551	857760
327	9094953	902144
328	9078301	949125
329	9055864	997995
330	9027939	1048493
331	8993524	1101411
332	8953723	1155910
333	8907382	1212629
334	8855448	1271164
335	8797121	1331990
336	8732214	1395134
337	8661187	1459798
338	8583403	1525790
339	8499155	1593674
340	8409046	1663199
341	8311984	1734027
342	8208715	1806041
343	8099638	1878550
344	7983697	1952394
345	7861841	2026476
346	7735448	2100118
347	7603710	2173539
348	7467151	2245792
349	7326172	2316639
350	7180520	2386957
351	7031215	2454765
352	6878422	2520344
353	6723912	2582515
354	6566069	2641547
355	6407982	2696416
356	6248920	2747289
357	6088948	2793048
358	5931998	2832897
359	5777300	2866195
360	5624770	2892846
361	5474460	2913046
362	5328820	2925849
363	5188004	2930992
364	5052656	2928773
365	4922981	2919191
366	4800078	2901891
367	4683489	2877077
368	4576539	2845098
369	4477086	2806280
370	4387070	2759532
371	4305944	2705538
372	4234301	2645736
373	4172909	2580317
374	4121616	2508252
375	4080977	2430499
376	4051306	2347493
377	4032800	2259958
378	4023465	2170034
379	4023238	2077848
380	4033306	1983135
381	4054059	1886674
382	4084149	1788696
383	4123748	1689793
384	4172146	1591242
385	4229206	1493407
386	4294057	1397344
387	4365715	1303527
388	4443545	1212092
389	4527728	1123102
390	4617009	1038253
391	4710646	957964
392	4807810	882365
393	4908738	812009
394	5012925	746149
395	5119091	685826
396	5227925	630505
397	5338247	580204
398	5449377	534263
399	5561918	493017
400	5674965	456267
401	5787068	423691
402	5899662	394572
403	6011738	369253
404	6123871	347426
405	6234801	328777
406	6344557	313237
407	6453300	300344
408	6561068	290283
409	6668153	282439
410	6773151	276772
411	6876008	272911
412	6977137	270619
413	7077414	269680
414	7175193	270662
415	7271615	272800
416	7365592	276124
417	7457302	280643
418	7546926	286152
419	7634553	292714
420	7719938	300240
421	7803066	308719
422	7883459	318729
423	7960285	329916
424	8034832	341545
425	8106725	354473
426	8175844	368567
427	8242354	383887
428	8305689	400084
429	8365808	417441
430	8423011	435950
431	8476500	455574
432	8527839	476009
433	8575454	497548
434	8618819	520849
435	8659752	545099
436	8696047	570830
437	8729339	597345
438	8758662	625246
439	8783298	654574
440	8804422	685262
441	8821135	717295
442	8834916	750585
443	8843259	785959
444	8846979	822426
445	8845372	861128
446	8839536	901184
447	8828510	943723
448	8812037	988158
449	8789959	1034836
450	8761940	1083551
451	8728889	1133989
452	8689942	1186614
453	8646329	1240564
454	8596437	1297090
455	8540808	1354544
456	8480169	1413739
457	8412909	1473540
458	8340959	1534385
459	8263358	1595340
460	8180594	1657105
461	8092950	1719528
462	7999690	1782684
463	7900992	1845827
464	7797619	1908884
465	7688642	1972607
466	7574478	2035652
467	7457805	2097357
468	7337304	2157960
469	7214134	2216785
470	7087423	2273843
471	6957977	2328973
472	6826928	2380821
473	6693948	2430148
474	6560294	2475500
475	6425342	2516554
476	6290815	2553478
477	6155872	2587590
478	6021737	2617160
479	5888246	2643621
480	5756865	2665239
481	5627539	2682301
482	5500987	2694657
483	5377433	2701456
484	5259165	2702619
485	5144727	2698465
486	5035904	2688510
487	4932929	2671865
488	4836521	2649655
489	4746495	2621537
490	4662424	2587595
491	4586609	2547085
492	4519574	2500825
493	4460446	2448784
494	4410878	2391506
495	4370084	2329142
496	4337507	2262882
497	4313647	2192963
498	4299199	2118866
499	4293737	2041285
500	4295801	1961214
501	4306377	1879480
502	4325597	1796773
503	4352327	1713842
504	4386067	1631178
505	4428064	1548379
506	4477676	1465922
507	4533506	1384884
508	4594993	1306480
509	4662461	1229705
510	4735562	1155117
511	4812469	1083498
512	4894163	1014371
513	4979528	948715
514	5068331	886244
515	5159945	827951
516	5254161	773352
517	5351174	721990
518	5450343	673598
519	5551483	628821
520	5654296	587443
521	5758299	549438
522	5862496	515110
523	5966405	484087
524	6070335	456405
525	6173726	431690
526	6276998	410066
527	6380249	391370
528	6482331	375589
529	6583382	362805
530	6682992	352598
531	6781709	344961
532	6878959	339567
533	6974256	335803
534	7067795	334024
535	7159036	334038
536	7248652	335817
537	7335734	339320
538	7421210	344155
539	7504816	349895
540	7585920	357065
541	7664963	365104
542	7741371	374073
543	7815488	383998
544	7887597	394825
545	7956820	406557
546	8022850	419480
547	8086481	433366
548	8147270	448764
549	8204501	465686
550	8259340	483365
551	8311269	502219
552	8359567	522258
553	8405440	543334
554	8447010	565924
555	8486397	589232
556	8521132	613916
557	8552558	640083
558	8579761	667712
559	8602772	696571
560	8621556	727352
561	8636413	759323
562	8647478	792576
563	8654206	827708
564	8655990	863967
565	8653886	902033
566	8647387	941802
567	8636005	982747
568	8619679	1024584
569	8599083	1067989
570	8573132	1112659
571	8542718	1158976
572	8506491	1207277
573	8465496	1256992
574	8419548	1308054
575	8368247	1360169
576	8312735	1412215
577	8251089	1466142
578	8184599	1521145
579	8113686	1576810
580	8037195	1633027
581	7957232	1689709
582	7871530	1746402
583	7781281	1803277
584	7687267	1859639
585	7589258	1915809
586	7487507	1971695
587	7382298	2025767
588	7275276	2078053
589	7165560	2128794
590	7051790	2178155
591	6936441	2225183
592	6819492	2269617
593	6701361	2311130
594	6581616	2350683
595	6461281	2386895
596	6340548	2420465
597	6220141	2450233
598	6101173	2477100
599	5982164	2500462
600	5864588	2519368
601	5748754	2534406
602	5635767	2545429
603	5525649	2552032
604	5418052	2553961
605	5314596	2551508
606	5215170	2544493
607	5119972	2533793
608	5030176	2518244
609	4945194	2497404
610	4867277	2471302
611	4795789	2440267
612	4731125	2403929
613	4673124	2363137
614	4622500	2317146
615	4579099	2267538
616	4543976	2212648
617	4516000	2153377
618	4496142	2090277
619	4485063	2023894
620	4481778	1954632
621	4485174	1883983
622	4497368	1811274
623	4516571	1736954
624	4543731	1661668
625	4577261	1585616
626	4617102	1510667
627	4663875	1436130
628	4716339	1362390
629	4774507	1290255
630	4837948	1220173
631	4906368	1151477
632	4979160	1085623
633	5055222	1022800
634	5135402	962840
635	5218204	905911
636	5304273	851971
637	5392438	801297
638	5483091	754423
639	5574453	711015
640	5667536	670987
641	5762279	633894
642	5857486	600636
643	5953179	570097
644	6049338	542994
645	6146622	518233
646	6242486	495988
647	6337724	476890
648	6432968	460399
649	6526976	446324
650	6619635	434657
651	6712163	425101
652	6803245	417006
653	6893319	410892
654	6982059	406522
655	7068715	404350
656	7153659	403819
657	7236986	404371
658	7319154	406234
659	7397838	409547
660	7475185	414257
661	7550282	420963
662	7623028	429045
663	7693365	438325
664	7760774	449169
665	7825776	460874
666	7887796	474433
667	7947430	489110
668	8004350	505099
669	8058240	522109
670	8108813	540504
671	8156444	559837
672	8200938	580305
673	8242543	601887
674	8280971	624472
675	8315734	648503
676	8346668	673164
677	8374245	699089
678	8398698	725873
679	8418550	754029
680	8435207	782992
681	8448718	813259
682	8457573	844930
683	8461966	878363
684	8463329	912852
685	8459606	948963
686	8451856	986563
687	8439142	1025782
688	8422694	1066219
689	8400600	1108060
690	8374459	1151756
691	8343442	1196439
692	8307762	1242119
693	8267780	1288413
694	8222732	1336171
695	8173564	1384281
696	8120437	1433082
697	8062774	1482203
698	8000682	1531564
699	7935294	1580697
700	7865304	1629811
701	7791577	1678995
702	7713522	1728258
703	7632366	1777173
704	7548463	1824658
705	7460641	1871851
706	7369352	1918197
707	7276141	1963483
708	7180074	2007451
709	7081613	2050396
710	6981704	2092396
711	6878294	2133238
712	6772381	2172582
713	6665218	2209939
714	6557269	2245945
715	6449186	2278690
716	6341566	2307756
717	6234617	2333698
718	6128098	2357659
719	6021801	2379203
720	5916985	2396611
721	5813163	2410263
722	5712063	2419364
723	5613118	2424828
724	5517780	2425681
725	5425987	2422467
726	5338642	2415628
727	5254825	2405385
728	5175810	2389831
729	5102748	2368627
730	5034542	2343422
731	4971951	2313765
732	4915541	2279980
733	4863922	2242591
734	4818753	2201805
735	4780389	2157269
736	4749031	2109327
737	4723734	2058275
738	4705044	2005234
739	4693051	1950221
740	4688195	1892633
741	4689972	1832759
742	4698086	1771498
743	4712556	1708847
744	4733829	1644485
745	4760920	1580521
746	4793905	1516726
747	4832300	1451967
748	4875910	1388217
749	4924396	1324807
750	4978424	1262685
751	5037116	1202081
752	5099868	1143018
753	5166881	1085535
754	5236689	1030271
755	5310988	976917
756	5388213	925806
757	5467506	878099
758	5549820	831716
759	5634416	788301
760	5720100	747578
761	5807090	709595
762	5895631	674378
763	5984873	641911
764	6074615	612883
765	6163979	586834
766	6253125	563899
767	6342309	543268
768	6430719	525738
769	6518736	510755
770	6605669	498312
771	6691925	488014
772	6776952	480483
773	6860905	474469
774	6943373	470410
775	7024151	468311
776	7102225	467890
777	7178952	468834
778	7254395	470834
779	7328741	474048
780	7401246	478553
781	7471506	484746
782	7539749	491922
783	7605082	500694
784	7668779	510688
785	7729263	521648
786	7787928	533213
787	7843213	546340
788	7896325	560936
789	7945611	577577
790	7992637	595529
791	8036072	614424
792	8076278	634309
793	8113966	655391
794	8147935	677793
795	8178667	701298
796	8207104	725783
797	8231668	751719
798	8252795	778850
799	8270388	806307
800	8283899	834980
801	8293917	864668
802	8300577	895445
803	8303167	927273
804	8302365	959545
805	8297790	993043
806	8289804	1028186
807	8277887	1063373
808	8261545	1099719
809	8242065	1137006
810	8218317	1174895
811	8190074	1214274
812	8157262	1254618
813	8120209	1295722
814	8079584	1337981
815	8034858	1381016
816	7985355	1424856
817	7933262	1469735
818	7876145	1514928
819	7815901	1560175
820	7751534	1605980
821	7683693	1651233
822	7611523	1696394
823	7536439	1741885
824	7457966	1787405
825	7375891	1832551
826	7290337	1877145
827	7202598	1920630
828	7112347	1963206
829	7019708	2005082
830	6925675	2044707
831	6830344	2082558
832	6733375	2118498
833	6635086	2152550
834	6535255	2184606
835	6436209	2213543
836	6338066	2238833
837	6240798	2260948
838	6142446	2281562
839	6045781	2298299
840	5950463	2311711
841	5857720	2321521
842	5767255	2327970
843	5679187	2330989
844	5593034	2329305
845	5510546	2324346
846	5431725	2316716
847	5355957	2306319
848	5282877	2291300
849	5215739	2272819
850	5152944	2251378
851	5094993	2226563
852	5041719	2198266
853	4994195	2165558
854	4952131	2129914
855	4916952	2090865
856	4886669	2049149
857	4862617	2004644
858	4843996	1956704
859	4832318	1906675
860	4826303	1854721
861	4825670	1801619
862	4831127	1746837
863	4842073	1691340
864	4858772	1634575
865	4882330	1577135
866	4910376	1518983
867	4944785	1460271
868	4983517	1401833
869	5027585	1344315
870	5075903	1287402
871	5127987	1231088
872	5185147	1176019
873	5245368	1122060
874	5309822	1069772
875	5377143	1020150
876	5447951	971788
877	5520332	926049
878	5595224	882741
879	5672625	841620
880	5751783	802878
881	5831942	766934
882	5913169	733259
883	5995769	702059
884	6078903	673776
885	6162418	647457
886	6246464	624071
887	6330336	603200
888	6414112	584899
889	6497842	568646
890	6581064	554305
891	6662775	541992
892	6744023	532499
893	6824112	525159
894	6902104	520080
895	6978903	517067
896	7054430	515763
897	7127219	516340
898	7197831	518419
899	7267310	522453
900	7334653	528250
901	7400070	535225
902	7462801	543550
903	7523390	553494
904	7581762	564387
905	7637032	576708
906	7690383	589969
907	7741291	603915
908	7789411	618826
909	7835189	635035
910	7877846	652458
911	7917059	671188
912	7953796	690361
913	7988555	710345
914	8019248	731880
915	8047117	754042
916	8071049	777934
917	8093206	802088
918	8111857	827570
919	8127236	853823
920	8138757	881500
921	8146575	910271
922	8150198	940591
923	8151130	971973
924	8147993	1004174
925	8140945	1037418
926	8131078	1070489
927	8117978	1104918
928	8100544	1140627
929	8079135	1177514
930	8053126	1214999
931	8023483	1252978
932	7990353	1291061
933	7954037	1329732
934	7914078	1368986
935	7870358	1409476
936	7822476	1450724
937	7770936	1492637
938	7716551	1533962
939	7659063	1574697
940	7598116	1615369
941	7534374	1655708
942	7467390	1696560
943	7397004	1736921
944	7323904	1776845
945	7248048	1815470
946	7169909	1853434
947	7089529	1890622
948	7008690	1925785
949	6925110	1960443
950	6840270	1993682
951	6754116	2025420
952	6665980	2055300
953	6578507	2082757
954	6490741	2107717
955	6403332	2130035
956	6315375	2150091
957	6229046	2167156
958	6142298	2183308
959	6057922	2195506
960	5973917	2205387
961	5891651	2212742
962	5810405	2217579
963	5731096	2219849
964	5654145	2218850
965	5581660	2214565
966	5512095	2207337
967	5445430	2197204
968	5382865	2182972
969	5324600	2166003
970	5269307	2145642
971	5219060	2121960
972	5173990	2094151
973	5133538	2064335
974	5097854	2031701
975	5066607	1996747
976	5040804	1959070
977	5020154	1919454
978	5004682	1878278
979	4994309	1835485
980	4988455	1790743
981	4988875	1744683
982	4993666	1698088
983	5003846	1649760
984	5017360	1601704
985	5037849	1552108
986	5062497	1502708
987	5091249	1452637
988	5124657	1402128
989	5162890	1351761
990	5205130	1301794
991	5251546	1252629
992	5301180	1204096
993	5354484	1156659
994	5411819	1109050
995	5471396	1064419
996	5533621	1020478
997	5599192	978109
998	5667075	937495
999	5736997	899159
# events MAX_PHOT= 0

